Case 1
-1.64287929406 
1.60399597943 
-0.524772028532 
0.0500763032083 
Error : 0.872068186357
Case 2
-5.70409022817 
4.71836965902 
-4.43549065552 
0.650001648298 
0.111898369726 
-0.0175964731215 
Error : 53.0725058178
Case 3
-6.11232228732 
-8.31184015269 
1.90316510463 
0.150412951891 
-0.735446493393 
0.573603204107 
-0.0773308532884 
Error : 6074.15243646
Case 4
-3.10530293092 
-0.175477784931 
5.98863910057 
-1.99141261988 
0.164378809217 
Error : 36.7271730533
Case 5
0.723831022553 
-7.89129810214 
-8.54596806752 
2.30351772021 
-1.93539287097 
5.15980966682 
0.713094716941 
4.14452190266 
-3.28772403353 
1.0430780217 
-0.101935736012 
Error : 3714803882.72
